                                                                                                                                              
                                                           000111177777777777111000                                                           
                                                    001766999999999999999999999999996677100                                                   
                                              00176999999999999999999999999999999999999999966700                                              
                                          0176999999999999999996677111000000000111766999999999996710                                          
                                       0769999999999999999970          00000000000       01699999999610                                       
                                    1799999999999999999999                            00000   069999999670                                    
                            0    0799999999999999999999999                                  0    069999999670  000                            
                         00   0169999999999999999999999999                                  00      99999999960  000                          
                       00   079999999999999999999999999999                                          9999999999961  010                        
                      0   07999999999999999999999999999996                                          999999999999991   10                      
                    00  0799999999999999999999999999999996                                         799999999999999991  010                    
                  01   79999999999999999999999999999999997                                         99999999999999999961  01                   
                 10  0699999999999999999999999999999999991                                         9999999999999999999960  10                 
                10  7999999999999999999999999999999999999                                         199999999999999999999991  01                
              01  069999999999999999999999999999999999999                   00000                 69999999999999999999999960  10              
             01  1999999999999999999999999999999999999990                   0000000011110000      699999999999999999999999991  10             
            00  1999999999999999999999999999999999999997                                  0001    6999999999999999999999999997  01            
           00  7999999999999999999999999999999999999999                                           19999999999999999999999999997  01           
          01  79999999999999999999999999999999999966677                               00000        99999999999999999999999999996  01          
         01  1999999999999999999999999667110                                                       699999999999999999999999999996  01         
         1  199999999999999966710                                                                     0769999999999999999999999997  10        
        1  09999999999670         0000000000                  0000000000000000000                           17699999999999999999991  1        
       00  699999960                              01111               17771177770  00000         000    000       176999999999999990  1       
       1  1999960  00                            7     0700       1097          161                           00110    0769999999996  00      
      10 099990 10                              0        6 2967  617              0901                              01710   769999991  1      
      7  79996 1                                          613337117                 9734 1100                            0110  069999  00     
     01  99999                                            6 2226 4                  11230333317                               11  1991  1     
     1  1999996                                           7 4990 9                   9931996909                                  7  76  10    
     1  799999997                                         6 334  9                   6431333319                                   01 60 01    
     1  699999999961                                      66366  70                 61321333316                                    1 61  1    
    00  9999999999999970                                 7047339  60               774313333317                                   07991  1    
    00 0999999999999999999610                           109633332  17            06729023333460                               076999997  1    
    10 099999999999999999999999671                 1  07 6633333336  16710   0176667 733333319                            0769999999997  1    
    00 0999999999999999999999999999996710               96333333333390   077710    12333333460                       176999999999999997  1    
    00  99999999999999999999999999999999999999667110   97333333333333334610     0933333333216                07699999999999999999999997  1    
    00  699999999999999999999999999999999999999999999 77333333333333333333333333333333333979          0          0199999999999999999991  1    
     1  79999999999999999999999999999999999999999997 17233333333333333333333333333332496661                         6999999999999999990  1    
     1  19999999999999999999999999999999999999961    94333333333333333333333332496666770                   000     0799999999999999999  00    
     0  09999999999999999999999999999999999991      4633333333333333333333249710                    0000           9999999999999999997  1     
      0  7999999999999999999999999999999997        613333333333333333332970                      0                79999999999999999990  1     
      1  09999999999999999999999999999990          94333333333333333260                                           9999999999999999996  00     
       0  79999999999999999999999999999990        413333333333333390                                              7999999999999999990  1      
       1  099999999999999999999999999999997      0643333333333337                                                    169999999999997  1       
        1  199999999999999999999999999999996     41233333333321                   00                                    06999999996  01       
        00  7999999999999999999999999999997      693333333340  1              0000                                          7699990  1        
         00  799999999999999999999999961        61433333340     1           00                                                 161  1         
          00  79999999999999999999670           972333320        00 0      0                                                   01  10         
           00  799999999999999610               7933337            01                                                         01  10          
            00  7999999999999991               104332               979000                                                   10  10           
             00  199999999999999               1 336              11  67                                                    10  1             
              00  06999999999991                737              9     09                                                 01  01              
                00  79999999999                 99              4       16       0                                       11  01               
                 00  0699999997                 2          0   77        91    00 0                                    0700 10                
                   00  1699997                  0          0   2   0      2   1  0                                   070  01                  
                    00   1991                               0 97   0      1 10                                     011  010                   
                      00   11                                 9    0       10                                    0110  00                     
                        00  0110                                   0      1                                    0110  00                       
                          00   110                                 0    10                                   0110 000                         
                            000  0110                              0   1                                  0110  000                           
                              000  011                               10                                01110 0000                             
                                 000  0110                         01                               01110  000                                
                                    00   01110                    10          0                 001110  000                                   
                                       00    011100             11        000               011110  0000                                      
                                          000    01111000     11         00           00111100  00000                                         
                                              0000    00111117000000000000000000111111000  000000                                             
                                                   000000     000000111111100000     0000000                                                  
                                                         00000000000000000000000000000                                                        
                                                                                                                                              
